"Technology Type"	"<5MW"	"5 - 10MW"	"10-50MW"	"50MW +"	"Total"
"Wind Onshore"	449.553869999999	345.8	2926.03613	4681.74	8403.13
"Hydro"	318.614	51.401	735.895	547.7	1653.61
"Wind Offshore"	2.00000000000002	7.35	30	858.8	898.15
"Biomass and Waste"	134.421	97.279	220.72	65	517.42
"Solar Photovoltaics"	339.721568671458	0	38.9084313285419	0	378.63
"Shoreline wave / tidal"	16.22	5.7	0	0	21.92
"All Technologies"	1260.53043867146	507.53	3951.55956132854	6153.24	11872.86
