"Technology Type"	"<5MW"	"5 - 10MW"	"10-50MW"	"50MW +"	"Total"
"Wind Onshore"	478.962987581701	347.24	2842.51513	4681.74	8350.4581175817
"Hydro"	315.98762	51.401	736.395	547.7	1651.48362
"Wind Offshore"	3.00000000000002	7.35	29	858.8	898.15
"Biomass and Waste"	133.3188	97.279	220.72	65	516.3178
"Solar Photovoltaics"	338.635943685177	0	36.6731233360833	0	375.30906702126
"Shoreline wave / tidal"	16.218	5.7	0	0	21.918
"All Technologies"	1286.12335126688	508.97	3865.30325333608	6153.24	11813.636604603
