"Technology Type"	"<5MW"	"5 - 10MW"	"10-50MW"	"50MW +"	"Total"
"Wind Onshore"	466.30387	346.2	3176.08613	4681.74	8670.33
"Hydro"	328.134	51.401	735.895	547.7	1663.13
"Wind Offshore"	2.30926389122033e-14	7.35	40	858.8	906.15
"Biomass and Waste"	135.431	97.279	221.22	65	518.93
"Solar Photovoltaics"	387.50058	0	12.99942	0	400.5
"Shoreline wave / tidal"	16.22	5.7	0	0	21.92
"All Technologies"	1333.58945	507.93	4186.20055	6153.24	12180.96
