"Technology Type"	"<5MW"	"5 - 10MW"	"10-50MW"	"50MW +"	"Total"
"Wind Onshore"	442.177987581689	339.24	2863.07513	4721.6	8366.09311758169
"Hydro"	313.98762	51.401	736.395	547.7	1649.48362
"Wind Offshore"	7.99360577730113e-14	14.35	107.6325	858.8	980.7825
"Biomass and Waste"	133.3188	97.279	220.72	65	516.3178
"Solar Photovoltaics"	338.385943685178	0	33.6732269447104	0	372.059170629888
"Shoreline wave / tidal"	16.218	5.7	0	0	21.918
"All Technologies"	1244.08835126687	507.97	3961.49585694471	6193.1	11906.6542082116
