"Technology Type"	"<5MW"	"5 - 10MW"	"10-50MW"	"50MW +"	"Total"
"Wind Onshore"	513.991970000001	345.8	2926.03613	4681.74	8467.5681
"Hydro"	316.4896	51.401	735.895	547.7	1651.4856
"Wind Offshore"	2.00000000000002	7.35	30	858.8	898.15
"Biomass and Waste"	133.5728	97.279	220.72	65	516.5718
"Solar Photovoltaics"	338.635968671458	0	38.9084313285419	0	377.5444
"Shoreline wave / tidal"	16.218	5.7	0	0	21.918
"All Technologies"	1320.90833867146	507.53	3951.55956132854	6153.24	11933.2379
