"Technology Type"	"<5MW"	"5 - 10MW"	"10-50MW"	"50MW +"	"Total"
"Wind Onshore"	433.125210539679	339.24	2863.07513	4721.6	8357.04034053968
"Hydro"	314.83567	51.401	736.395	547.7	1650.33167
"Wind Offshore"	7.99360577730113e-14	14.35	107.6325	858.8	980.7825
"Biomass and Waste"	133.3168	97.279	220.72	65	516.3158
"Solar Photovoltaics"	337.695943685177	0	27.2815043544499	0	364.977448039627
"Shoreline wave / tidal"	16.218	5.7	0	0	21.918
"All Technologies"	1235.19162422486	507.97	3955.10413435445	6193.1	11891.3657585793
