"Technology Type"	"<5MW"	"5 - 10MW"	"10-50MW"	"50MW +"	"Total"
"Wind Onshore"	543.603870000001	345.8	2926.03613	4681.74	8497.18
"Hydro"	318.614	51.401	735.895	547.7	1653.61
"Wind Offshore"	10	7.35	30	858.8	906.15
"Biomass and Waste"	134.971	97.279	220.72	65	517.97
"Solar Photovoltaics"	342.681568671458	0	38.9084313285419	0	381.59
"Shoreline wave / tidal"	16.22	5.7	0	0	21.92
"All Technologies"	1366.09043867146	507.53	3951.55956132854	6153.24	11978.42
